
%absolute coordinates
%number_of_layers=25.000000 
%Lambda=15.000000 
%thickness_total=11.200000 
data=[ 
0.448000, 0.000000, 1.000000, 4.126667, 1.200000, 5.515000, 1.000000, 10.690000, 1.200000, 12.310000, 1.000000, 15.000000, NaN, NaN, NaN, NaN, NaN, NaN, NaN, NaN;
0.448000, 0.000000, 1.000000, 3.328000, 1.200000, 5.795000, 1.000000, 10.190000, 1.200000, 13.060000, 1.000000, 15.000000, NaN, NaN, NaN, NaN, NaN, NaN, NaN, NaN;
0.448000, 0.000000, 1.000000, 2.850000, 1.200000, 6.050000, 1.000000, 9.842857, 1.200000, 10.975000, 1.500000, 12.016667, 1.200000, 13.433333, 1.000000, 15.000000, NaN, NaN, NaN, NaN;
0.448000, 0.000000, 1.000000, 2.380000, 1.200000, 4.220000, 1.500000, 5.020000, 1.200000, 6.236667, 1.000000, 9.522857, 1.200000, 10.443333, 1.500000, 12.390000, 1.200000, 13.684000, 1.000000, 15.000000;
0.448000, 0.000000, 1.000000, 2.060000, 1.200000, 3.605000, 1.500000, 5.151765, 1.200000, 6.423333, 1.000000, 9.153333, 1.200000, 10.070000, 1.500000, 12.621538, 1.200000, 13.908000, 1.000000, 15.000000;
0.448000, 0.000000, 1.000000, 1.772500, 1.200000, 3.196667, 1.500000, 5.283529, 1.200000, 6.720000, 1.000000, 8.670000, 1.200000, 9.696667, 1.500000, 12.793846, 1.200000, 14.069474, 1.000000, 15.000000;
0.448000, 0.000000, 1.000000, 1.493333, 1.200000, 2.788000, 1.500000, 5.415294, 1.200000, 9.288000, 1.500000, 12.966154, 1.200000, 14.187368, 1.000000, 15.000000, NaN, NaN, NaN, NaN;
0.448000, 0.000000, 1.000000, 1.244444, 1.200000, 2.420000, 1.500000, 5.660000, 1.200000, 8.840000, 1.500000, 13.120000, 1.200000, 14.305263, 1.000000, 15.000000, NaN, NaN, NaN, NaN;
0.448000, 0.000000, 1.000000, 0.996364, 1.200000, 2.196000, 1.500000, 6.135000, 1.200000, 8.320000, 1.500000, 13.269333, 1.200000, 14.423158, 1.000000, 15.000000, NaN, NaN, NaN, NaN;
0.448000, 0.000000, 1.000000, 0.792727, 1.200000, 1.972000, 1.500000, 13.418667, 1.200000, 14.552000, 1.000000, 15.000000, NaN, NaN, NaN, NaN, NaN, NaN, NaN, NaN;
0.448000, 0.000000, 1.000000, 0.589091, 1.200000, 1.748000, 1.500000, 13.585000, 1.200000, 14.701333, 1.000000, 15.000000, NaN, NaN, NaN, NaN, NaN, NaN, NaN, NaN;
0.448000, 0.000000, 1.000000, 0.320000, 1.200000, 1.524000, 1.500000, 13.771667, 1.200000, 14.850667, 1.000000, 15.000000, NaN, NaN, NaN, NaN, NaN, NaN, NaN, NaN;
0.448000, 0.000000, 1.200000, 1.346154, 1.500000, 8.000000, 1.500000, 13.958333, 1.200000, 15.000000, 1.200000, 15.000000, NaN, NaN, NaN, NaN, NaN, NaN, NaN, NaN;
0.448000, 0.000000, 1.200000, 1.173846, 1.500000, 5.880000, 1.700000, 10.120000, 1.500000, 14.193333, 1.200000, 15.000000, NaN, NaN, NaN, NaN, NaN, NaN, NaN, NaN;
0.448000, 0.000000, 1.200000, 1.001538, 1.500000, 4.840000, 1.700000, 10.870000, 1.500000, 14.442222, 1.200000, 15.000000, NaN, NaN, NaN, NaN, NaN, NaN, NaN, NaN;
0.448000, 0.000000, 1.200000, 0.778000, 1.500000, 4.093333, 1.700000, 11.573333, 1.500000, 14.601176, 1.200000, 15.000000, NaN, NaN, NaN, NaN, NaN, NaN, NaN, NaN;
0.448000, 0.000000, 1.200000, 0.554000, 1.500000, 3.423333, 1.700000, 12.120000, 1.500000, 14.732941, 1.200000, 15.000000, NaN, NaN, NaN, NaN, NaN, NaN, NaN, NaN;
0.448000, 0.000000, 1.200000, 0.287500, 1.500000, 3.050000, 1.700000, 12.400000, 1.500000, 14.864706, 1.200000, 15.000000, NaN, NaN, NaN, NaN, NaN, NaN, NaN, NaN;
0.448000, 0.000000, 1.200000, 0.007500, 1.500000, 2.515000, 1.700000, 12.788000, 1.500000, 14.996471, 1.200000, 15.000000, NaN, NaN, NaN, NaN, NaN, NaN, NaN, NaN;
0.448000, 0.000000, 1.500000, 2.064000, 1.700000, 13.236000, 1.500000, 15.000000, NaN, NaN, NaN, NaN, NaN, NaN, NaN, NaN, NaN, NaN, NaN, NaN;
0.448000, 0.000000, 1.500000, 1.616000, 1.700000, 13.806667, 1.500000, 15.000000, NaN, NaN, NaN, NaN, NaN, NaN, NaN, NaN, NaN, NaN, NaN, NaN;
0.448000, 0.000000, 1.500000, 1.223333, 1.700000, 14.150909, 1.500000, 15.000000, NaN, NaN, NaN, NaN, NaN, NaN, NaN, NaN, NaN, NaN, NaN, NaN;
0.448000, 0.000000, 1.500000, 0.820000, 1.700000, 14.354545, 1.500000, 15.000000, NaN, NaN, NaN, NaN, NaN, NaN, NaN, NaN, NaN, NaN, NaN, NaN;
0.448000, 0.000000, 1.500000, 0.420000, 1.700000, 14.580000, 1.500000, 15.000000, NaN, NaN, NaN, NaN, NaN, NaN, NaN, NaN, NaN, NaN, NaN, NaN;
0.448000, 0.000000, 1.500000, 0.140000, 1.700000, 14.860000, 1.500000, 15.000000, NaN, NaN, NaN, NaN, NaN, NaN, NaN, NaN, NaN, NaN, NaN, NaN
 ];