
%absolute coordinates
%number_of_layers=25.000000 
%Lambda=0.500000 
%thickness_total=0.019945 
data=[ 
0.000798, 0.000000, 1.000000, 0.118037, 5.000000, 0.165296, 1.000000, 0.500000;
0.000798, 0.000000, 1.000000, 0.101730, 5.000000, 0.181604, 1.000000, 0.500000;
0.000798, 0.000000, 1.000000, 0.090376, 5.000000, 0.192957, 1.000000, 0.500000;
0.000798, 0.000000, 1.000000, 0.080345, 5.000000, 0.202988, 1.000000, 0.500000;
0.000798, 0.000000, 1.000000, 0.071786, 5.000000, 0.211547, 1.000000, 0.500000;
0.000798, 0.000000, 1.000000, 0.063716, 5.000000, 0.219618, 1.000000, 0.500000;
0.000798, 0.000000, 1.000000, 0.056371, 5.000000, 0.226962, 1.000000, 0.500000;
0.000798, 0.000000, 1.000000, 0.049114, 5.000000, 0.234219, 1.000000, 0.500000;
0.000798, 0.000000, 1.000000, 0.042426, 5.000000, 0.240907, 1.000000, 0.500000;
0.000798, 0.000000, 1.000000, 0.035738, 5.000000, 0.247595, 1.000000, 0.500000;
0.000798, 0.000000, 5.000000, 0.029238, 5.000000, 0.254095, 1.000000, 0.500000;
0.000798, 0.000000, 5.000000, 0.022843, 5.000000, 0.260491, 1.000000, 0.500000;
0.000798, 0.000000, 5.000000, 0.266886, 1.000000, 0.500000, NaN, NaN;
0.000798, 0.000000, 5.000000, 0.273282, 1.000000, 0.500000, NaN, NaN;
0.000798, 0.000000, 5.000000, 0.279677, 1.000000, 0.500000, NaN, NaN;
0.000798, 0.000000, 5.000000, 0.286198, 1.000000, 0.497136, 5.000000, 0.500000;
0.000798, 0.000000, 5.000000, 0.292885, 1.000000, 0.490448, 5.000000, 0.500000;
0.000798, 0.000000, 5.000000, 0.299573, 1.000000, 0.483760, 5.000000, 0.500000;
0.000798, 0.000000, 5.000000, 0.306875, 1.000000, 0.476458, 5.000000, 0.500000;
0.000798, 0.000000, 5.000000, 0.314220, 1.000000, 0.469114, 5.000000, 0.500000;
0.000798, 0.000000, 5.000000, 0.322374, 1.000000, 0.460959, 5.000000, 0.500000;
0.000798, 0.000000, 5.000000, 0.330933, 1.000000, 0.452401, 5.000000, 0.500000;
0.000798, 0.000000, 5.000000, 0.341119, 1.000000, 0.442214, 5.000000, 0.500000;
0.000798, 0.000000, 5.000000, 0.352804, 1.000000, 0.430530, 5.000000, 0.500000;
0.000798, 0.000000, 5.000000, 0.370138, 1.000000, 0.413195, 5.000000, 0.500000
 ];