
%absolute coordinates
%number_of_layers=100.000000 
%Lambda=0.248000 
thickness_total=0.725000 ;
data=[0.050 0.000000, 1.49, Lambda;
      0.0250, 0.000000, silver, Lambda];