
%absolute coordinates
%number_of_layers=100.000000 
%Lambda=0.540000 
thickness_total=0.355000 ;
data=[ 
0.003550, 0.000000, 1.335000, 0.107516, 1.335000, 0.162484, 1.335000, 0.540000, NaN, NaN, NaN, NaN;
0.003550, 0.000000, 1.335000, 0.086969, 1.335000, 0.183031, 1.335000, 0.540000, NaN, NaN, NaN, NaN;
0.003550, 0.000000, 1.335000, 0.072425, 1.335000, 0.197575, 1.335000, 0.540000, NaN, NaN, NaN, NaN;
0.003550, 0.000000, 1.335000, 0.060249, 1.335000, 0.209751, 1.335000, 0.540000, NaN, NaN, NaN, NaN;
0.003550, 0.000000, 1.335000, 0.049392, 1.335000, 0.220608, 1.335000, 0.540000, NaN, NaN, NaN, NaN;
0.003550, 0.000000, 1.335000, 0.039362, 1.335000, 0.230638, 1.335000, 0.540000, NaN, NaN, NaN, NaN;
0.003550, 0.000000, 1.335000, 0.029881, 1.335000, 0.098707, 0.167655-4.561689*1i, 0.171293, 1.335000, 0.240119, 1.335000, 0.540000;
0.003550, 0.000000, 1.335000, 0.020767, 1.335000, 0.081250, 0.167655-4.561689*1i, 0.188750, 1.335000, 0.249233, 1.335000, 0.540000;
0.003550, 0.000000, 1.335000, 0.011886, 1.335000, 0.067766, 0.167655-4.561689*1i, 0.202234, 1.335000, 0.258114, 1.335000, 0.540000;
0.003550, 0.000000, 1.335000, 0.003132, 1.335000, 0.056153, 0.167655-4.561689*1i, 0.213847, 1.335000, 0.266868, 1.335000, 0.540000;
0.003550, 0.000000, 1.335000, 0.045640, 0.167655-4.561689*1i, 0.224360, 1.335000, 0.275590, 1.335000, 0.534410, 1.335000, 0.540000;
0.003550, 0.000000, 1.335000, 0.035837, 0.167655-4.561689*1i, 0.234163, 1.335000, 0.284371, 1.335000, 0.525629, 1.335000, 0.540000;
0.003550, 0.000000, 1.335000, 0.026509, 0.167655-4.561689*1i, 0.243491, 1.335000, 0.293306, 1.335000, 0.516694, 1.335000, 0.540000;
0.003550, 0.000000, 1.335000, 0.017494, 0.167655-4.561689*1i, 0.252506, 1.335000, 0.302508, 1.335000, 0.507492, 1.335000, 0.540000;
0.003550, 0.000000, 1.335000, 0.008671, 0.167655-4.561689*1i, 0.261329, 1.335000, 0.312121, 1.335000, 0.497879, 1.335000, 0.540000;
0.003550, 0.000000, 0.167655-4.561689*1i, 0.270061, 1.335000, 0.322351, 1.335000, 0.487649, 1.335000, 0.539939, 0.167655-4.561689*1i, 0.540000;
0.003550, 0.000000, 0.167655-4.561689*1i, 0.278794, 1.335000, 0.333516, 1.335000, 0.476484, 1.335000, 0.531206, 0.167655-4.561689*1i, 0.540000;
0.003550, 0.000000, 0.167655-4.561689*1i, 0.287619, 1.335000, 0.346209, 1.335000, 0.463791, 1.335000, 0.522381, 0.167655-4.561689*1i, 0.540000;
0.003550, 0.000000, 0.167655-4.561689*1i, 0.296638, 1.335000, 0.361823, 1.335000, 0.448177, 1.335000, 0.513362, 0.167655-4.561689*1i, 0.540000;
0.003550, 0.000000, 0.167655-4.561689*1i, 0.305971, 1.335000, 0.386883, 1.335000, 0.423117, 1.335000, 0.504029, 0.167655-4.561689*1i, 0.540000;
0.003550, 0.000000, 0.167655-4.561689*1i, 0.315782, 1.335000, 0.494218, 0.167655-4.561689*1i, 0.540000, NaN, NaN, NaN, NaN;
0.003550, 0.000000, 0.167655-4.561689*1i, 0.326308, 1.335000, 0.483692, 0.167655-4.561689*1i, 0.540000, NaN, NaN, NaN, NaN;
0.003550, 0.000000, 0.167655-4.561689*1i, 0.337940, 1.335000, 0.472060, 0.167655-4.561689*1i, 0.540000, NaN, NaN, NaN, NaN;
0.003550, 0.000000, 0.167655-4.561689*1i, 0.351461, 1.335000, 0.458539, 0.167655-4.561689*1i, 0.540000, NaN, NaN, NaN, NaN;
0.003550, 0.000000, 0.167655-4.561689*1i, 0.369006, 1.335000, 0.440994, 0.167655-4.561689*1i, 0.540000, NaN, NaN, NaN, NaN;
0.003550, 0.000000, 0.167655-4.561689*1i, 0.540000, NaN, NaN, NaN, NaN, NaN, NaN, NaN, NaN;
0.003550, 0.000000, 0.167655-4.561689*1i, 0.540000, NaN, NaN, NaN, NaN, NaN, NaN, NaN, NaN;
0.003550, 0.000000, 0.167655-4.561689*1i, 0.540000, NaN, NaN, NaN, NaN, NaN, NaN, NaN, NaN;
0.003550, 0.000000, 0.167655-4.561689*1i, 0.540000, NaN, NaN, NaN, NaN, NaN, NaN, NaN, NaN;
0.003550, 0.000000, 0.167655-4.561689*1i, 0.540000, NaN, NaN, NaN, NaN, NaN, NaN, NaN, NaN;
0.003550, 0.000000, 0.167655-4.561689*1i, 0.540000, NaN, NaN, NaN, NaN, NaN, NaN, NaN, NaN;
0.003550, 0.000000, 0.167655-4.561689*1i, 0.540000, NaN, NaN, NaN, NaN, NaN, NaN, NaN, NaN;
0.003550, 0.000000, 0.167655-4.561689*1i, 0.540000, NaN, NaN, NaN, NaN, NaN, NaN, NaN, NaN;
0.003550, 0.000000, 0.167655-4.561689*1i, 0.540000, NaN, NaN, NaN, NaN, NaN, NaN, NaN, NaN;
0.003550, 0.000000, 0.167655-4.561689*1i, 0.540000, NaN, NaN, NaN, NaN, NaN, NaN, NaN, NaN;
0.003550, 0.000000, 0.167655-4.561689*1i, 0.540000, NaN, NaN, NaN, NaN, NaN, NaN, NaN, NaN;
0.003550, 0.000000, 0.167655-4.561689*1i, 0.540000, NaN, NaN, NaN, NaN, NaN, NaN, NaN, NaN;
0.003550, 0.000000, 0.167655-4.561689*1i, 0.540000, NaN, NaN, NaN, NaN, NaN, NaN, NaN, NaN;
0.003550, 0.000000, 0.167655-4.561689*1i, 0.540000, NaN, NaN, NaN, NaN, NaN, NaN, NaN, NaN;
0.003550, 0.000000, 0.167655-4.561689*1i, 0.540000, NaN, NaN, NaN, NaN, NaN, NaN, NaN, NaN;
0.003550, 0.000000, 0.167655-4.561689*1i, 0.540000, NaN, NaN, NaN, NaN, NaN, NaN, NaN, NaN;
0.003550, 0.000000, 0.167655-4.561689*1i, 0.540000, NaN, NaN, NaN, NaN, NaN, NaN, NaN, NaN;
0.003550, 0.000000, 0.167655-4.561689*1i, 0.540000, NaN, NaN, NaN, NaN, NaN, NaN, NaN, NaN;
0.003550, 0.000000, 0.167655-4.561689*1i, 0.540000, NaN, NaN, NaN, NaN, NaN, NaN, NaN, NaN;
0.003550, 0.000000, 0.167655-4.561689*1i, 0.540000, NaN, NaN, NaN, NaN, NaN, NaN, NaN, NaN;
0.003550, 0.000000, 0.167655-4.561689*1i, 0.540000, NaN, NaN, NaN, NaN, NaN, NaN, NaN, NaN;
0.003550, 0.000000, 0.167655-4.561689*1i, 0.540000, NaN, NaN, NaN, NaN, NaN, NaN, NaN, NaN;
0.003550, 0.000000, 0.167655-4.561689*1i, 0.540000, NaN, NaN, NaN, NaN, NaN, NaN, NaN, NaN;
0.003550, 0.000000, 0.167655-4.561689*1i, 0.104546, 1.340000, 0.165454, 0.167655-4.561689*1i, 0.540000, NaN, NaN, NaN, NaN;
0.003550, 0.000000, 0.167655-4.561689*1i, 0.085148, 1.340000, 0.184852, 0.167655-4.561689*1i, 0.540000, NaN, NaN, NaN, NaN;
0.003550, 0.000000, 0.167655-4.561689*1i, 0.070961, 1.340000, 0.199039, 0.167655-4.561689*1i, 0.540000, NaN, NaN, NaN, NaN;
0.003550, 0.000000, 0.167655-4.561689*1i, 0.058971, 1.340000, 0.211029, 0.167655-4.561689*1i, 0.540000, NaN, NaN, NaN, NaN;
0.003550, 0.000000, 0.167655-4.561689*1i, 0.048226, 1.340000, 0.221774, 0.167655-4.561689*1i, 0.540000, NaN, NaN, NaN, NaN;
0.003550, 0.000000, 0.167655-4.561689*1i, 0.038270, 1.340000, 0.231730, 0.167655-4.561689*1i, 0.540000, NaN, NaN, NaN, NaN;
0.003550, 0.000000, 0.167655-4.561689*1i, 0.028838, 1.340000, 0.241162, 0.167655-4.561689*1i, 0.540000, NaN, NaN, NaN, NaN;
0.003550, 0.000000, 0.167655-4.561689*1i, 0.019757, 1.340000, 0.250243, 0.167655-4.561689*1i, 0.540000, NaN, NaN, NaN, NaN;
0.003550, 0.000000, 0.167655-4.561689*1i, 0.010895, 1.340000, 0.259105, 0.167655-4.561689*1i, 0.540000, NaN, NaN, NaN, NaN;
0.003550, 0.000000, 0.167655-4.561689*1i, 0.002149, 1.340000, 0.267851, 0.167655-4.561689*1i, 0.540000, NaN, NaN, NaN, NaN;
0.003550, 0.000000, 1.340000, 0.276575, 0.167655-4.561689*1i, 0.533425, 1.340000, 0.540000, NaN, NaN, NaN, NaN;
0.003550, 0.000000, 1.340000, 0.285368, 0.167655-4.561689*1i, 0.524632, 1.340000, 0.540000, NaN, NaN, NaN, NaN;
0.003550, 0.000000, 1.340000, 0.294327, 0.167655-4.561689*1i, 0.515673, 1.340000, 0.540000, NaN, NaN, NaN, NaN;
0.003550, 0.000000, 1.340000, 0.303567, 0.167655-4.561689*1i, 0.506433, 1.340000, 0.540000, NaN, NaN, NaN, NaN;
0.003550, 0.000000, 1.340000, 0.313239, 0.167655-4.561689*1i, 0.496761, 1.340000, 0.540000, NaN, NaN, NaN, NaN;
0.003550, 0.000000, 1.340000, 0.323554, 0.167655-4.561689*1i, 0.486446, 1.340000, 0.540000, NaN, NaN, NaN, NaN;
0.003550, 0.000000, 1.340000, 0.334854, 0.167655-4.561689*1i, 0.475146, 1.340000, 0.540000, NaN, NaN, NaN, NaN;
0.003550, 0.000000, 1.340000, 0.347781, 0.167655-4.561689*1i, 0.462219, 1.340000, 0.540000, NaN, NaN, NaN, NaN;
0.003550, 0.000000, 1.340000, 0.363909, 0.167655-4.561689*1i, 0.446091, 1.340000, 0.540000, NaN, NaN, NaN, NaN;
0.003550, 0.000000, 1.340000, 0.392417, 0.167655-4.561689*1i, 0.417583, 1.340000, 0.540000, NaN, NaN, NaN, NaN;
0.003550, 0.000000, 1.340000, 0.540000, NaN, NaN, NaN, NaN, NaN, NaN, NaN, NaN;
0.003550, 0.000000, 1.340000, 0.540000, NaN, NaN, NaN, NaN, NaN, NaN, NaN, NaN;
0.003550, 0.000000, 1.340000, 0.540000, NaN, NaN, NaN, NaN, NaN, NaN, NaN, NaN;
