
%absolute coordinates
%number_of_layers=100.000000 
%Lambda=0.527000 
thickness_total=0.212500 ;
data=[ 
0.002125, 0.000000, 1.550000, 0.000830, 1.550000, 0.263085, 1.550000, 0.527000;
0.002125, 0.000000, 1.550000, 0.000490, 1.550000, 0.263255, 1.550000, 0.527000;
0.002125, 0.000000, 1.550000, 0.000150, 1.550000, 0.263425, 1.550000, 0.527000;
0.002125, 0.000000, 1.550000, 0.263595, 1.550000, 0.527000, NaN, NaN;
0.002125, 0.000000, 1.550000, 0.263765, 1.550000, 0.527000, NaN, NaN;
0.002125, 0.000000, 1.550000, 0.263935, 1.550000, 0.527000, NaN, NaN;
0.002125, 0.000000, 1.550000, 0.527000, NaN, NaN, NaN, NaN;
0.002125, 0.000000, 1.550000, 0.527000, NaN, NaN, NaN, NaN;
0.002125, 0.000000, 1.550000, 0.527000, NaN, NaN, NaN, NaN;
0.002125, 0.000000, 1.550000, 0.527000, NaN, NaN, NaN, NaN;
0.002125, 0.000000, 1.550000, 0.527000, NaN, NaN, NaN, NaN;
0.002125, 0.000000, 1.550000, 0.527000, NaN, NaN, NaN, NaN;
0.002125, 0.000000, 1.550000, 0.527000, NaN, NaN, NaN, NaN;
0.002125, 0.000000, 1.550000, 0.527000, NaN, NaN, NaN, NaN;
0.002125, 0.000000, 1.550000, 0.527000, NaN, NaN, NaN, NaN;
0.002125, 0.000000, 1.550000, 0.527000, NaN, NaN, NaN, NaN;
0.002125, 0.000000, 1.550000, 0.527000, NaN, NaN, NaN, NaN;
0.002125, 0.000000, 1.550000, 0.527000, NaN, NaN, NaN, NaN;
0.002125, 0.000000, 1.550000, 0.527000, NaN, NaN, NaN, NaN;
0.002125, 0.000000, 1.550000, 0.527000, NaN, NaN, NaN, NaN;
0.002125, 0.000000, 1.550000, 0.527000, NaN, NaN, NaN, NaN;
0.002125, 0.000000, 1.550000, 0.527000, NaN, NaN, NaN, NaN;
0.002125, 0.000000, 1.550000, 0.527000, NaN, NaN, NaN, NaN;
0.002125, 0.000000, 1.550000, 0.527000, NaN, NaN, NaN, NaN;
0.002125, 0.000000, 1.550000, 0.527000, NaN, NaN, NaN, NaN;
0.002125, 0.000000, 1.550000, 0.527000, NaN, NaN, NaN, NaN;
0.002125, 0.000000, 1.550000, 0.527000, NaN, NaN, NaN, NaN;
0.002125, 0.000000, 1.550000, 0.527000, NaN, NaN, NaN, NaN;
0.002125, 0.000000, 1.550000, 0.527000, NaN, NaN, NaN, NaN;
0.002125, 0.000000, 1.550000, 0.527000, NaN, NaN, NaN, NaN;
0.002125, 0.000000, 1.550000, 0.527000, NaN, NaN, NaN, NaN;
0.002125, 0.000000, 1.550000, 0.527000, NaN, NaN, NaN, NaN;
0.002125, 0.000000, 1.550000, 0.527000, NaN, NaN, NaN, NaN;
0.002125, 0.000000, 1.550000, 0.527000, NaN, NaN, NaN, NaN;
0.002125, 0.000000, 1.550000, 0.527000, NaN, NaN, NaN, NaN;
0.002125, 0.000000, 1.550000, 0.527000, NaN, NaN, NaN, NaN;
0.002125, 0.000000, 1.550000, 0.527000, NaN, NaN, NaN, NaN;
0.002125, 0.000000, 1.550000, 0.527000, NaN, NaN, NaN, NaN;
0.002125, 0.000000, 1.550000, 0.527000, NaN, NaN, NaN, NaN;
0.002125, 0.000000, 1.550000, 0.527000, NaN, NaN, NaN, NaN;
0.002125, 0.000000, 1.550000, 0.527000, NaN, NaN, NaN, NaN;
0.002125, 0.000000, 1.550000, 0.527000, NaN, NaN, NaN, NaN;
0.002125, 0.000000, 1.550000, 0.527000, NaN, NaN, NaN, NaN;
0.002125, 0.000000, 1.550000, 0.527000, NaN, NaN, NaN, NaN;
0.002125, 0.000000, 1.550000, 0.527000, NaN, NaN, NaN, NaN;
0.002125, 0.000000, 1.550000, 0.527000, NaN, NaN, NaN, NaN;
0.002125, 0.000000, 1.550000, 0.527000, NaN, NaN, NaN, NaN;
0.002125, 0.000000, 1.550000, 0.000850, 0.180295-5.128679*1i, 0.263075, 1.550000, 0.527000;
0.002125, 0.000000, 1.550000, 0.000510, 0.180295-5.128679*1i, 0.263245, 1.550000, 0.527000;
0.002125, 0.000000, 1.550000, 0.000170, 0.180295-5.128679*1i, 0.263415, 1.550000, 0.527000;
0.002125, 0.000000, 0.180295-5.128679*1i, 0.263585, 1.550000, 0.527000, NaN, NaN;
0.002125, 0.000000, 0.180295-5.128679*1i, 0.263755, 1.550000, 0.527000, NaN, NaN;
0.002125, 0.000000, 0.180295-5.128679*1i, 0.263925, 1.550000, 0.527000, NaN, NaN;
0.002125, 0.000000, 0.180295-5.128679*1i, 0.527000, NaN, NaN, NaN, NaN;
0.002125, 0.000000, 0.180295-5.128679*1i, 0.527000, NaN, NaN, NaN, NaN;
0.002125, 0.000000, 0.180295-5.128679*1i, 0.527000, NaN, NaN, NaN, NaN;
0.002125, 0.000000, 0.180295-5.128679*1i, 0.527000, NaN, NaN, NaN, NaN;
0.002125, 0.000000, 0.180295-5.128679*1i, 0.527000, NaN, NaN, NaN, NaN;
0.002125, 0.000000, 0.180295-5.128679*1i, 0.527000, NaN, NaN, NaN, NaN;
0.002125, 0.000000, 0.180295-5.128679*1i, 0.527000, NaN, NaN, NaN, NaN;
0.002125, 0.000000, 0.180295-5.128679*1i, 0.527000, NaN, NaN, NaN, NaN;
0.002125, 0.000000, 0.180295-5.128679*1i, 0.527000, NaN, NaN, NaN, NaN;
0.002125, 0.000000, 0.180295-5.128679*1i, 0.527000, NaN, NaN, NaN, NaN;
0.002125, 0.000000, 0.180295-5.128679*1i, 0.527000, NaN, NaN, NaN, NaN;
0.002125, 0.000000, 0.180295-5.128679*1i, 0.527000, NaN, NaN, NaN, NaN;
0.002125, 0.000000, 0.180295-5.128679*1i, 0.527000, NaN, NaN, NaN, NaN;
0.002125, 0.000000, 0.180295-5.128679*1i, 0.527000, NaN, NaN, NaN, NaN;
0.002125, 0.000000, 0.180295-5.128679*1i, 0.527000, NaN, NaN, NaN, NaN;
0.002125, 0.000000, 0.180295-5.128679*1i, 0.527000, NaN, NaN, NaN, NaN;
0.002125, 0.000000, 0.180295-5.128679*1i, 0.527000, NaN, NaN, NaN, NaN;
0.002125, 0.000000, 0.180295-5.128679*1i, 0.527000, NaN, NaN, NaN, NaN;
0.002125, 0.000000, 0.180295-5.128679*1i, 0.000690, 1.340000, 0.263155, 0.180295-5.128679*1i, 0.527000;
0.002125, 0.000000, 0.180295-5.128679*1i, 0.000350, 1.340000, 0.263325, 0.180295-5.128679*1i, 0.527000;
0.002125, 0.000000, 0.180295-5.128679*1i, 0.000010, 1.340000, 0.263495, 0.180295-5.128679*1i, 0.527000;
0.002125, 0.000000, 1.340000, 0.263665, 0.180295-5.128679*1i, 0.527000, NaN, NaN;
0.002125, 0.000000, 1.340000, 0.263835, 0.180295-5.128679*1i, 0.527000, NaN, NaN;
0.002125, 0.000000, 1.340000, 0.527000, NaN, NaN, NaN, NaN;
0.002125, 0.000000, 1.340000, 0.527000, NaN, NaN, NaN, NaN;
0.002125, 0.000000, 1.340000, 0.527000, NaN, NaN, NaN, NaN;
0.002125, 0.000000, 1.340000, 0.527000, NaN, NaN, NaN, NaN;
0.002125, 0.000000, 1.340000, 0.527000, NaN, NaN, NaN, NaN;
0.002125, 0.000000, 1.340000, 0.527000, NaN, NaN, NaN, NaN;
0.002125, 0.000000, 1.340000, 0.527000, NaN, NaN, NaN, NaN;
0.002125, 0.000000, 1.340000, 0.527000, NaN, NaN, NaN, NaN;
0.002125, 0.000000, 1.340000, 0.527000, NaN, NaN, NaN, NaN;
0.002125, 0.000000, 1.340000, 0.527000, NaN, NaN, NaN, NaN;
0.002125, 0.000000, 1.340000, 0.527000, NaN, NaN, NaN, NaN;
0.002125, 0.000000, 1.340000, 0.527000, NaN, NaN, NaN, NaN;
0.002125, 0.000000, 1.340000, 0.527000, NaN, NaN, NaN, NaN;
0.002125, 0.000000, 1.340000, 0.527000, NaN, NaN, NaN, NaN;
0.002125, 0.000000, 1.340000, 0.527000, NaN, NaN, NaN, NaN;
0.002125, 0.000000, 1.340000, 0.527000, NaN, NaN, NaN, NaN;
0.002125, 0.000000, 1.340000, 0.527000, NaN, NaN, NaN, NaN;
0.002125, 0.000000, 1.340000, 0.527000, NaN, NaN, NaN, NaN;
0.002125, 0.000000, 1.340000, 0.527000, NaN, NaN, NaN, NaN;
0.002125, 0.000000, 1.340000, 0.527000, NaN, NaN, NaN, NaN;
0.002125, 0.000000, 1.340000, 0.527000, NaN, NaN, NaN, NaN;
0.002125, 0.000000, 1.340000, 0.527000, NaN, NaN, NaN, NaN;
0.002125, 0.000000, 1.340000, 0.527000, NaN, NaN, NaN, NaN;
0.002125, 0.000000, 1.340000, 0.527000, NaN, NaN, NaN, NaN
 ];