
%absolute coordinates
%number_of_layers=25.000000 
%Lambda=0.500000 
%thickness_total=30.000000 
data=[ 
1.200000, 0.000000, 1.000000, 0.490000, 5.000000, 0.500000;
1.200000, 0.000000, 1.000000, 0.470000, 5.000000, 0.500000;
1.200000, 0.000000, 1.000000, 0.450000, 5.000000, 0.500000;
1.200000, 0.000000, 1.000000, 0.430000, 5.000000, 0.500000;
1.200000, 0.000000, 1.000000, 0.410000, 5.000000, 0.500000;
1.200000, 0.000000, 1.000000, 0.390000, 5.000000, 0.500000;
1.200000, 0.000000, 1.000000, 0.370000, 5.000000, 0.500000;
1.200000, 0.000000, 1.000000, 0.350000, 5.000000, 0.500000;
1.200000, 0.000000, 1.000000, 0.330000, 5.000000, 0.500000;
1.200000, 0.000000, 1.000000, 0.310000, 5.000000, 0.500000;
1.200000, 0.000000, 1.000000, 0.290000, 5.000000, 0.500000;
1.200000, 0.000000, 1.000000, 0.270000, 5.000000, 0.500000;
1.200000, 0.000000, 1.000000, 0.250000, 5.000000, 0.500000;
1.200000, 0.000000, 1.000000, 0.230000, 5.000000, 0.500000;
1.200000, 0.000000, 1.000000, 0.210000, 5.000000, 0.500000;
1.200000, 0.000000, 1.000000, 0.190000, 5.000000, 0.500000;
1.200000, 0.000000, 1.000000, 0.170000, 5.000000, 0.500000;
1.200000, 0.000000, 1.000000, 0.150000, 5.000000, 0.500000;
1.200000, 0.000000, 1.000000, 0.130000, 5.000000, 0.500000;
1.200000, 0.000000, 1.000000, 0.110000, 5.000000, 0.500000;
1.200000, 0.000000, 1.000000, 0.090000, 5.000000, 0.500000;
1.200000, 0.000000, 1.000000, 0.070000, 5.000000, 0.500000;
1.200000, 0.000000, 1.000000, 0.050000, 5.000000, 0.500000;
1.200000, 0.000000, 5.000000, 0.030000, 5.000000, 0.500000;
1.200000, 0.000000, 5.000000, 0.500000, NaN, NaN
 ];