
%absolute coordinates
%number_of_layers=100.000000 
%Lambda=0.527000 
thickness_total=0.217500 ;
data=[ 
0.002175, 0.000000, 1.550000, 0.000876, 1.550000, 0.263062, 1.550000, 0.527000;
0.002175, 0.000000, 1.550000, 0.000627, 1.550000, 0.263186, 1.550000, 0.527000;
0.002175, 0.000000, 1.550000, 0.000379, 1.550000, 0.263311, 1.550000, 0.527000;
0.002175, 0.000000, 1.550000, 0.000130, 1.550000, 0.263435, 1.550000, 0.527000;
0.002175, 0.000000, 1.550000, 0.263559, 1.550000, 0.527000, NaN, NaN;
0.002175, 0.000000, 1.550000, 0.263684, 1.550000, 0.527000, NaN, NaN;
0.002175, 0.000000, 1.550000, 0.263808, 1.550000, 0.527000, NaN, NaN;
0.002175, 0.000000, 1.550000, 0.263932, 1.550000, 0.527000, NaN, NaN;
0.002175, 0.000000, 1.550000, 0.527000, NaN, NaN, NaN, NaN;
0.002175, 0.000000, 1.550000, 0.527000, NaN, NaN, NaN, NaN;
0.002175, 0.000000, 1.550000, 0.527000, NaN, NaN, NaN, NaN;
0.002175, 0.000000, 1.550000, 0.527000, NaN, NaN, NaN, NaN;
0.002175, 0.000000, 1.550000, 0.527000, NaN, NaN, NaN, NaN;
0.002175, 0.000000, 1.550000, 0.527000, NaN, NaN, NaN, NaN;
0.002175, 0.000000, 1.550000, 0.527000, NaN, NaN, NaN, NaN;
0.002175, 0.000000, 1.550000, 0.527000, NaN, NaN, NaN, NaN;
0.002175, 0.000000, 1.550000, 0.527000, NaN, NaN, NaN, NaN;
0.002175, 0.000000, 1.550000, 0.527000, NaN, NaN, NaN, NaN;
0.002175, 0.000000, 1.550000, 0.527000, NaN, NaN, NaN, NaN;
0.002175, 0.000000, 1.550000, 0.527000, NaN, NaN, NaN, NaN;
0.002175, 0.000000, 1.550000, 0.527000, NaN, NaN, NaN, NaN;
0.002175, 0.000000, 1.550000, 0.527000, NaN, NaN, NaN, NaN;
0.002175, 0.000000, 1.550000, 0.527000, NaN, NaN, NaN, NaN;
0.002175, 0.000000, 1.550000, 0.527000, NaN, NaN, NaN, NaN;
0.002175, 0.000000, 1.550000, 0.527000, NaN, NaN, NaN, NaN;
0.002175, 0.000000, 1.550000, 0.527000, NaN, NaN, NaN, NaN;
0.002175, 0.000000, 1.550000, 0.527000, NaN, NaN, NaN, NaN;
0.002175, 0.000000, 1.550000, 0.527000, NaN, NaN, NaN, NaN;
0.002175, 0.000000, 1.550000, 0.527000, NaN, NaN, NaN, NaN;
0.002175, 0.000000, 1.550000, 0.527000, NaN, NaN, NaN, NaN;
0.002175, 0.000000, 1.550000, 0.527000, NaN, NaN, NaN, NaN;
0.002175, 0.000000, 1.550000, 0.527000, NaN, NaN, NaN, NaN;
0.002175, 0.000000, 1.550000, 0.527000, NaN, NaN, NaN, NaN;
0.002175, 0.000000, 1.550000, 0.527000, NaN, NaN, NaN, NaN;
0.002175, 0.000000, 1.550000, 0.527000, NaN, NaN, NaN, NaN;
0.002175, 0.000000, 1.550000, 0.527000, NaN, NaN, NaN, NaN;
0.002175, 0.000000, 1.550000, 0.527000, NaN, NaN, NaN, NaN;
0.002175, 0.000000, 1.550000, 0.527000, NaN, NaN, NaN, NaN;
0.002175, 0.000000, 1.550000, 0.527000, NaN, NaN, NaN, NaN;
0.002175, 0.000000, 1.550000, 0.527000, NaN, NaN, NaN, NaN;
0.002175, 0.000000, 1.550000, 0.527000, NaN, NaN, NaN, NaN;
0.002175, 0.000000, 1.550000, 0.527000, NaN, NaN, NaN, NaN;
0.002175, 0.000000, 1.550000, 0.527000, NaN, NaN, NaN, NaN;
0.002175, 0.000000, 1.550000, 0.527000, NaN, NaN, NaN, NaN;
0.002175, 0.000000, 1.550000, 0.527000, NaN, NaN, NaN, NaN;
0.002175, 0.000000, 1.550000, 0.527000, NaN, NaN, NaN, NaN;
0.002175, 0.000000, 1.550000, 0.000870, 0.168095-4.584130*1i, 0.263065, 1.550000, 0.527000;
0.002175, 0.000000, 1.550000, 0.000621, 0.168095-4.584130*1i, 0.263189, 1.550000, 0.527000;
0.002175, 0.000000, 1.550000, 0.000373, 0.168095-4.584130*1i, 0.263314, 1.550000, 0.527000;
0.002175, 0.000000, 1.550000, 0.000124, 0.168095-4.584130*1i, 0.263438, 1.550000, 0.527000;
0.002175, 0.000000, 0.168095-4.584130*1i, 0.263562, 1.550000, 0.527000, NaN, NaN;
0.002175, 0.000000, 0.168095-4.584130*1i, 0.263686, 1.550000, 0.527000, NaN, NaN;
0.002175, 0.000000, 0.168095-4.584130*1i, 0.263811, 1.550000, 0.527000, NaN, NaN;
0.002175, 0.000000, 0.168095-4.584130*1i, 0.263935, 1.550000, 0.527000, NaN, NaN;
0.002175, 0.000000, 0.168095-4.584130*1i, 0.527000, NaN, NaN, NaN, NaN;
0.002175, 0.000000, 0.168095-4.584130*1i, 0.527000, NaN, NaN, NaN, NaN;
0.002175, 0.000000, 0.168095-4.584130*1i, 0.527000, NaN, NaN, NaN, NaN;
0.002175, 0.000000, 0.168095-4.584130*1i, 0.527000, NaN, NaN, NaN, NaN;
0.002175, 0.000000, 0.168095-4.584130*1i, 0.527000, NaN, NaN, NaN, NaN;
0.002175, 0.000000, 0.168095-4.584130*1i, 0.527000, NaN, NaN, NaN, NaN;
0.002175, 0.000000, 0.168095-4.584130*1i, 0.527000, NaN, NaN, NaN, NaN;
0.002175, 0.000000, 0.168095-4.584130*1i, 0.527000, NaN, NaN, NaN, NaN;
0.002175, 0.000000, 0.168095-4.584130*1i, 0.527000, NaN, NaN, NaN, NaN;
0.002175, 0.000000, 0.168095-4.584130*1i, 0.527000, NaN, NaN, NaN, NaN;
0.002175, 0.000000, 0.168095-4.584130*1i, 0.527000, NaN, NaN, NaN, NaN;
0.002175, 0.000000, 0.168095-4.584130*1i, 0.527000, NaN, NaN, NaN, NaN;
0.002175, 0.000000, 0.168095-4.584130*1i, 0.527000, NaN, NaN, NaN, NaN;
0.002175, 0.000000, 0.168095-4.584130*1i, 0.527000, NaN, NaN, NaN, NaN;
0.002175, 0.000000, 0.168095-4.584130*1i, 0.527000, NaN, NaN, NaN, NaN;
0.002175, 0.000000, 0.168095-4.584130*1i, 0.000867, 1.340000, 0.263066, 0.168095-4.584130*1i, 0.527000;
0.002175, 0.000000, 0.168095-4.584130*1i, 0.000619, 1.340000, 0.263191, 0.168095-4.584130*1i, 0.527000;
0.002175, 0.000000, 0.168095-4.584130*1i, 0.000370, 1.340000, 0.263315, 0.168095-4.584130*1i, 0.527000;
0.002175, 0.000000, 0.168095-4.584130*1i, 0.000121, 1.340000, 0.263439, 0.168095-4.584130*1i, 0.527000;
0.002175, 0.000000, 1.340000, 0.263564, 0.168095-4.584130*1i, 0.527000, NaN, NaN;
0.002175, 0.000000, 1.340000, 0.263688, 0.168095-4.584130*1i, 0.527000, NaN, NaN;
0.002175, 0.000000, 1.340000, 0.263812, 0.168095-4.584130*1i, 0.527000, NaN, NaN;
0.002175, 0.000000, 1.340000, 0.263936, 0.168095-4.584130*1i, 0.527000, NaN, NaN;
0.002175, 0.000000, 1.340000, 0.527000, NaN, NaN, NaN, NaN;
0.002175, 0.000000, 1.340000, 0.527000, NaN, NaN, NaN, NaN;
0.002175, 0.000000, 1.340000, 0.527000, NaN, NaN, NaN, NaN;
0.002175, 0.000000, 1.340000, 0.527000, NaN, NaN, NaN, NaN;
0.002175, 0.000000, 1.340000, 0.527000, NaN, NaN, NaN, NaN;
0.002175, 0.000000, 1.340000, 0.527000, NaN, NaN, NaN, NaN;
0.002175, 0.000000, 1.340000, 0.527000, NaN, NaN, NaN, NaN;
0.002175, 0.000000, 1.340000, 0.527000, NaN, NaN, NaN, NaN;
0.002175, 0.000000, 1.340000, 0.527000, NaN, NaN, NaN, NaN;
0.002175, 0.000000, 1.340000, 0.527000, NaN, NaN, NaN, NaN;
0.002175, 0.000000, 1.340000, 0.527000, NaN, NaN, NaN, NaN;
0.002175, 0.000000, 1.340000, 0.527000, NaN, NaN, NaN, NaN;
0.002175, 0.000000, 1.340000, 0.527000, NaN, NaN, NaN, NaN;
0.002175, 0.000000, 1.340000, 0.527000, NaN, NaN, NaN, NaN;
0.002175, 0.000000, 1.340000, 0.527000, NaN, NaN, NaN, NaN;
0.002175, 0.000000, 1.340000, 0.527000, NaN, NaN, NaN, NaN;
0.002175, 0.000000, 1.340000, 0.527000, NaN, NaN, NaN, NaN;
0.002175, 0.000000, 1.340000, 0.527000, NaN, NaN, NaN, NaN;
0.002175, 0.000000, 1.340000, 0.527000, NaN, NaN, NaN, NaN;
0.002175, 0.000000, 1.340000, 0.527000, NaN, NaN, NaN, NaN;
0.002175, 0.000000, 1.340000, 0.527000, NaN, NaN, NaN, NaN;
0.002175, 0.000000, 1.340000, 0.527000, NaN, NaN, NaN, NaN;
0.002175, 0.000000, 1.340000, 0.527000, NaN, NaN, NaN, NaN
 ];